9.772993982766400278e+07 1.283824892047224386e+00 1.185226317205162916e+00 1.205787294885683369e+00 -6.227644877987917882e-01 -6.608933726004477816e-01 -5.537163678974774683e-01
9.804870850190642476e+07 1.233649234474460954e+00 1.123827671499589842e+00 1.147083289423753927e+00 -5.958034402400672613e-01 -6.365752762355163519e-01 -5.198536271610312287e-01
9.836747717614884675e+07 1.181283724266415369e+00 1.059465149969446962e+00 1.084245205032468462e+00 -5.685608172615086442e-01 -6.104705481901880892e-01 -4.834157741765060523e-01
9.868624585039126873e+07 1.129611269580931054e+00 9.937038146775044600e-01 1.019323417126144271e+00 -5.422167430051415549e-01 -5.842870254326156809e-01 -4.447641919204636807e-01
9.900501452463370562e+07 1.074288229315777610e+00 9.259349531626779317e-01 9.498227381355619503e-01 -5.155496242504852278e-01 -5.549379826733217280e-01 -4.044836307279578991e-01
9.932378319887612760e+07 1.021345563817114055e+00 8.597569846202750554e-01 8.797094572879380348e-01 -4.913445264292197190e-01 -5.256517436206034066e-01 -3.633585076826895133e-01
9.964255187311854959e+07 9.705391143459457526e-01 7.958117406818504547e-01 8.095308476187974556e-01 -4.695001899930995592e-01 -4.962830268386846932e-01 -3.221078143402106297e-01
9.996132054736097157e+07 9.201359953669588920e-01 7.357721711013697208e-01 7.378860848890257396e-01 -4.506798531418717002e-01 -4.644590038640078467e-01 -2.817107932570467321e-01
1.002800892216033936e+08 8.737354549391921354e-01 6.812390904693940152e-01 6.687777899532350023e-01 -4.354195166832179886e-01 -4.331973192322634003e-01 -2.432148564798742030e-01
1.005988578958458155e+08 8.299275200324393031e-01 6.333019345698989166e-01 6.018680701846840231e-01 -4.237100115232113051e-01 -4.011013345093220606e-01 -2.076965030830646708e-01
1.009176265700882524e+08 7.889525392065389608e-01 5.937268561960412638e-01 5.380678394494382566e-01 -4.160709480252469672e-01 -3.678812824077192789e-01 -1.763844338653906274e-01
1.012363952443306744e+08 7.516770143211649602e-01 5.624240309217415357e-01 4.802542840398971169e-01 -4.114034595196729982e-01 -3.354630356449210260e-01 -1.502782683131351493e-01
1.015551639185730964e+08 7.171836588489459707e-01 5.408739530112003369e-01 4.283000213320758420e-01 -4.100435124512944451e-01 -3.025956873730575869e-01 -1.305107880962565747e-01
1.018739325928155184e+08 6.862439951748524614e-01 5.289572966381898000e-01 3.844981732549692666e-01 -4.111367517430881691e-01 -2.708728108628511988e-01 -1.178152103374703746e-01
1.021927012670579404e+08 6.586376235356022901e-01 5.256246773952900631e-01 3.504800961849822150e-01 -4.132110814891995498e-01 -2.415232979766347154e-01 -1.126153826410859066e-01
1.025114699413003623e+08 6.351835615768439691e-01 5.323282444518459000e-01 3.266123438303429882e-01 -4.172174413619021971e-01 -2.144099567063272038e-01 -1.154164092797238944e-01
1.028302386155427843e+08 6.161645139682437877e-01 5.466491874833735443e-01 3.146254746966454241e-01 -4.212082010916651797e-01 -1.917374143122978492e-01 -1.257584303731877906e-01
1.031490072897852212e+08 6.018637667363327948e-01 5.678142757785765715e-01 3.150095839036027301e-01 -4.246985180691079109e-01 -1.742687733687812712e-01 -1.433632959389497252e-01
1.034677759640276432e+08 5.946879210903116553e-01 5.963001640981185902e-01 3.277709175967427613e-01 -4.291388816220345626e-01 -1.629556885020339296e-01 -1.672736759702828091e-01
1.037865446382700652e+08 5.938942411797928367e-01 6.294634562324225024e-01 3.530427253241748553e-01 -4.327835820774035280e-01 -1.588047520645003985e-01 -1.966023082352801044e-01
1.041053133125124872e+08 6.010465120135156658e-01 6.674217055322890779e-01 3.902585540343063153e-01 -4.367783981691465423e-01 -1.622447229454866968e-01 -2.303321783661187727e-01
1.044240819867549092e+08 6.177251807853133547e-01 7.095787682173506639e-01 4.380567134987615185e-01 -4.423225269402527582e-01 -1.736731336826600747e-01 -2.666779253252148374e-01
1.047428506609973311e+08 6.427112665567557004e-01 7.549849211337381627e-01 4.959717131377046062e-01 -4.485856538052626630e-01 -1.927252135199201133e-01 -3.055175436001015821e-01
1.050616193352397680e+08 6.779415919871667473e-01 8.040642074094994651e-01 5.618945962997323740e-01 -4.578286536089971603e-01 -2.191029507945071730e-01 -3.450140942797041421e-01
1.053803880094821900e+08 7.225420848166353993e-01 8.561269829161468614e-01 6.343005444992506625e-01 -4.700505403750814271e-01 -2.519614422844556612e-01 -3.844690916528903379e-01
1.056991566837246120e+08 7.750477901379039247e-01 9.117174342769247541e-01 7.129212253647505548e-01 -4.849326408985985548e-01 -2.901771348181123034e-01 -4.247300330979333349e-01
1.060179253579670340e+08 8.367158455320897747e-01 9.701225940370783452e-01 7.938847665673129939e-01 -5.046982153430106255e-01 -3.328125494973611653e-01 -4.628470702392635250e-01
1.063366940322094560e+08 9.043944086439573704e-01 1.031499549242301583e+00 8.776691548138972898e-01 -5.276016295282588420e-01 -3.784701114181721060e-01 -5.007047556354714546e-01
1.066554627064518780e+08 9.769537818344554703e-01 1.096517718290757948e+00 9.635688356570578650e-01 -5.537544907912748116e-01 -4.259137123591609786e-01 -5.388444034205506217e-01
1.069742313806942999e+08 1.053904513066250326e+00 1.162013673582729778e+00 1.047263371559934653e+00 -5.834891783836492207e-01 -4.743286471167089124e-01 -5.737614154904778774e-01
1.072930000549367368e+08 1.132074820595776243e+00 1.229939922482987447e+00 1.131090354236182760e+00 -6.149934742059676163e-01 -5.223293987974987340e-01 -6.092125008953214182e-01
1.076117687291791588e+08 1.210678585337469304e+00 1.298818847563504297e+00 1.212863623846572869e+00 -6.482116047023742667e-01 -5.691694210229631956e-01 -6.437748994723134777e-01
1.079305374034215808e+08 1.287593379650458836e+00 1.365119589893651231e+00 1.290281695291860098e+00 -6.814533556873566544e-01 -6.143837428206969653e-01 -6.756264060441735664e-01
1.082493060776640028e+08 1.361486766384756741e+00 1.431577401184528586e+00 1.364894165121440128e+00 -7.146071982482810059e-01 -6.567107120331495684e-01 -7.076165121318951368e-01
1.085680747519064248e+08 1.430962801974778209e+00 1.493541834160295734e+00 1.433666799756710741e+00 -7.461628903948994695e-01 -6.962237820439730607e-01 -7.366419295963883007e-01
1.088868434261488467e+08 1.494100947837589732e+00 1.550057298043636456e+00 1.496246111703212645e+00 -7.748393683932556231e-01 -7.322292838005640681e-01 -7.630629769588866962e-01
1.092056121003912687e+08 1.551270068319785311e+00 1.603648743303592639e+00 1.552921264742843865e+00 -8.019144945050843409e-01 -7.637868004309882330e-01 -7.881340521060421489e-01
1.095243807746337056e+08 1.599252415123555870e+00 1.646249039067722464e+00 1.600504922457642198e+00 -8.233615185198234210e-01 -7.916340671617111413e-01 -8.079088011572532757e-01
1.098431494488761276e+08 1.638623060686797528e+00 1.682025480222802960e+00 1.639998993090375334e+00 -8.410278467089805643e-01 -8.144732559777694281e-01 -8.247102418133757107e-01
1.101619181231185496e+08 1.670289686222193870e+00 1.711520943575150167e+00 1.670765439605669700e+00 -8.559635289960505489e-01 -8.321477831659300772e-01 -8.380516106425404121e-01
1.104806867973609716e+08 1.688796956129365201e+00 1.725695486469045248e+00 1.690498231512068239e+00 -8.621085958356685675e-01 -8.451645942990876348e-01 -8.450863903521923515e-01
1.107994554716033936e+08 1.698843180127182384e+00 1.732913510723981254e+00 1.700677529738447769e+00 -8.652432717112311655e-01 -8.524935385904874874e-01 -8.483358760037215118e-01
1.111182241458458155e+08 1.699190176234812499e+00 1.729894976384591887e+00 1.700383995991885389e+00 -8.636012735083898884e-01 -8.546360109379741443e-01 -8.463467278580601993e-01
1.114369928200882375e+08 1.686447578601448116e+00 1.713349187719319877e+00 1.689088251034926103e+00 -8.541264322900717909e-01 -8.512096487698356251e-01 -8.389528828574840391e-01
1.117557614943306744e+08 1.666205595192311595e+00 1.689280945194169492e+00 1.667960966340457984e+00 -8.420514459577028710e-01 -8.426591223455610624e-01 -8.268593459658104550e-01
1.120745301685730964e+08 1.634872695957306776e+00 1.653441600398264377e+00 1.636599291596524841e+00 -8.236842066457833456e-01 -8.290450904436175161e-01 -8.095764844705575225e-01
1.123932988428155184e+08 1.593288269940044355e+00 1.607645108760908936e+00 1.595778836545750812e+00 -7.999769012792646850e-01 -8.102891729802085274e-01 -7.879446959032756492e-01
1.127120675170579404e+08 1.546143942279232908e+00 1.554992610970335809e+00 1.546925952706854845e+00 -7.741445262551580608e-01 -7.879501504599168982e-01 -7.617991529701260145e-01
1.130308361913003623e+08 1.487881501187711564e+00 1.491820720410498069e+00 1.489884985969208486e+00 -7.416521621087484029e-01 -7.609607619878558937e-01 -7.320535174669401401e-01
1.133496048655427992e+08 1.424178988200071938e+00 1.422552970517233506e+00 1.426623441968768002e+00 -7.065876254987463190e-01 -7.310110691265255811e-01 -6.989635710274291203e-01
1.136683735397852212e+08 1.357559791411903083e+00 1.347969337902001019e+00 1.358720673251055056e+00 -6.698300196944935170e-01 -6.997935925526138634e-01 -6.623985432203031154e-01
1.139871422140276432e+08 1.282419616099081505e+00 1.266278291456396810e+00 1.285635567776921118e+00 -6.279244640773270492e-01 -6.651344872994906510e-01 -6.240184230020419109e-01
1.143059108882700652e+08 1.207441070824084139e+00 1.181728196814873177e+00 1.210381079395113302e+00 -5.858560512634820583e-01 -6.308379556758165752e-01 -5.830050710755305676e-01
1.146246795625124872e+08 1.131889436882459465e+00 1.094007037218434952e+00 1.133538974288544221e+00 -5.427971730817392482e-01 -5.970066949918265697e-01 -5.398505836409210890e-01
1.149434482367549092e+08 1.055208205178128855e+00 1.004336934741671294e+00 1.054935998709336742e+00 -4.991455320645352134e-01 -5.627086545572052012e-01 -4.953350726586134289e-01
1.152622169109973311e+08 9.825914727253096670e-01 9.147394977923513082e-01 9.770691568335770905e-01 -4.572613876121790488e-01 -5.308198088888204103e-01 -4.490783556555122402e-01
1.155809855852397680e+08 9.128812778890655899e-01 8.260264916151315306e-01 8.992841164397816778e-01 -4.172731088562257606e-01 -5.000584493451798451e-01 -4.017333208431552172e-01
1.158997542594821900e+08 8.479154614087056618e-01 7.404671572559821113e-01 8.221264472857313654e-01 -3.809432240416854576e-01 -4.705163727305909371e-01 -3.537718415857529219e-01
1.162185229337246120e+08 7.895723471554180195e-01 6.592812445315678893e-01 7.473819756196289354e-01 -3.489116618834610661e-01 -4.434296204099054672e-01 -3.057599390287493724e-01
1.165372916079670340e+08 7.366608241913495947e-01 5.845852805840302535e-01 6.735008663695070119e-01 -3.223935451449877476e-01 -4.163902705528452763e-01 -2.585782351281540881e-01
1.168560602822094560e+08 6.906823409257882851e-01 5.180316154852984134e-01 6.025589276703626762e-01 -3.019135491843648600e-01 -3.903616220503489109e-01 -2.133537248511671869e-01
1.171748289564518780e+08 6.512926984189266744e-01 4.604417906383054815e-01 5.358335928233662893e-01 -2.870592537156682611e-01 -3.653910202248202843e-01 -1.713290624144836183e-01
1.174935976306942999e+08 6.174269862291784650e-01 4.144167552015375344e-01 4.720692127063699228e-01 -2.792192368363945465e-01 -3.390157200068468213e-01 -1.337187737544056620e-01
1.178123663049367368e+08 5.893848884995253057e-01 3.795474134041129655e-01 4.148005049589857385e-01 -2.765702057025603011e-01 -3.133292355700073029e-01 -1.019655120997607217e-01
1.181311349791791588e+08 5.661505546720644322e-01 3.563666717031286901e-01 3.646562909258693197e-01 -2.785609608145418470e-01 -2.878505162873040146e-01 -7.717462620357819214e-02
1.184499036534215808e+08 5.474845894313838945e-01 3.457006938894644499e-01 3.224236008308186685e-01 -2.851013551398529078e-01 -2.624174973926182153e-01 -6.028535821437364800e-02
1.187686723276640028e+08 5.330250861419232322e-01 3.458902054865348186e-01 2.904919351068523947e-01 -2.939989300168382447e-01 -2.388444872582686784e-01 -5.186011579273009514e-02
1.190874410019064248e+08 5.227242673084447899e-01 3.567491937057528650e-01 2.694180173473620377e-01 -3.048742907906179522e-01 -2.174576612139003384e-01 -5.211363852607679009e-02
1.194062096761488467e+08 5.171214218864884637e-01 3.770698318016550421e-01 2.601776036082500410e-01 -3.169206091874379183e-01 -1.995988682122675772e-01 -6.066453860084879135e-02
1.197249783503912687e+08 5.161926950328561414e-01 4.052445861667829385e-01 2.636187218672911836e-01 -3.289120499268243791e-01 -1.864687380804787298e-01 -7.714634052239677242e-02
1.200437470246337056e+08 5.212471444666840759e-01 4.404234430860207161e-01 2.793021874024856355e-01 -3.413080244356899162e-01 -1.789186812222797740e-01 -1.002581439404392344e-01
1.203625156988761276e+08 5.326816402076994805e-01 4.810069979395627526e-01 3.070648122840436423e-01 -3.535950336580607201e-01 -1.778606668506885480e-01 -1.289186051730927818e-01
1.206812843731185496e+08 5.507614337421052886e-01 5.265207856883931115e-01 3.467086084595478734e-01 -3.657718884887998234e-01 -1.835626097497443099e-01 -1.626573867616194768e-01
1.210000530473609716e+08 5.772039007818356993e-01 5.752458149870318671e-01 3.954923354081404385e-01 -3.791998271270300980e-01 -1.963809068140710823e-01 -1.983854487639799546e-01
1.213188217216033936e+08 6.110889465841081725e-01 6.273064369182671518e-01 4.534725621462381007e-01 -3.934519982477501232e-01 -2.158216290363293988e-01 -2.366539912758647835e-01
1.216375903958458304e+08 6.526741634248379720e-01 6.827139302889468908e-01 5.192721346809928695e-01 -4.093434276490217627e-01 -2.413239016219210498e-01 -2.766547509455550835e-01
1.219563590700882375e+08 7.019912894016213656e-01 7.391830777503237693e-01 5.890753259792850249e-01 -4.276333179590410816e-01 -2.721582410164897214e-01 -3.153234893526987159e-01
1.222751277443306744e+08 7.575415802380646157e-01 7.987048357443337077e-01 6.640451189417240219e-01 -4.479870115033550149e-01 -3.071548819530474095e-01 -3.549922375583615120e-01
1.225938964185730964e+08 8.187996270390599518e-01 8.599597835496071152e-01 7.413071731144562637e-01 -4.708994461777229468e-01 -3.452891091511469668e-01 -3.938312696006391889e-01
1.229126650928155184e+08 8.840338869670471000e-01 9.211933505956894086e-01 8.185386723510393869e-01 -4.957710938913384990e-01 -3.854284609124840610e-01 -4.306681979017055184e-01
1.232314337670579404e+08 9.521028271695571865e-01 9.849238580231269857e-01 8.971830787806099883e-01 -5.225706525461454310e-01 -4.264533216248161951e-01 -4.680640538444768572e-01
1.235502024413003623e+08 1.021222995127116784e+00 1.046810155818639787e+00 9.729122463038980539e-01 -5.503714080276904674e-01 -4.675117119677223987e-01 -5.025712838465860033e-01
1.238689711155427992e+08 1.089608798646211518e+00 1.107380156439466301e+00 1.046125798900356285e+00 -5.783431003500937306e-01 -5.076453878933880892e-01 -5.355493641494599721e-01
1.241877397897852212e+08 1.156952790349087268e+00 1.168589765404426384e+00 1.117466672784675819e+00 -6.069892974747304049e-01 -5.460327970195603120e-01 -5.684619315854538835e-01
1.245065084640276432e+08 1.219608607303801273e+00 1.222056374487920483e+00 1.181445845215240098e+00 -6.330098267047574723e-01 -5.823510985483995039e-01 -5.961731569590298374e-01
1.248252771382700652e+08 1.278065483635489663e+00 1.273076885506289502e+00 1.241082063363710963e+00 -6.578076247003630250e-01 -6.156689118452521869e-01 -6.226137702484823011e-01
1.251440458125124872e+08 1.331872255055188026e+00 1.320598809507764315e+00 1.295085406894591173e+00 -6.812730889416105384e-01 -6.456447562666143281e-01 -6.468380345248566643e-01
1.254628144867549092e+08 1.376551138903355342e+00 1.356767023170178943e+00 1.339481645672947474e+00 -6.992159747535204861e-01 -6.720228840670359194e-01 -6.651384638654082027e-01
1.257815831609973311e+08 1.415213158248103564e+00 1.388969380031863654e+00 1.377308561752912830e+00 -7.153930946827863346e-01 -6.941308735621242176e-01 -6.811987795125912237e-01
1.261003518352397680e+08 1.445738868592577830e+00 1.412690062266215518e+00 1.406194001974432783e+00 -7.276742861818572550e-01 -7.120000943976827479e-01 -6.926140879337394640e-01
1.264191205094821900e+08 1.465633038839781355e+00 1.425253762935226431e+00 1.424923199429344312e+00 -7.340946950736990662e-01 -7.251213291780901349e-01 -6.986658098396156813e-01
1.267378891837246120e+08 1.478957389161413616e+00 1.432368811855268653e+00 1.435522189380724400e+00 -7.385494231843255930e-01 -7.336407779828617581e-01 -7.012105339349147259e-01
1.270566578579670340e+08 1.481275793552356168e+00 1.427554231269239526e+00 1.435551594718134760e+00 -7.368091939928976819e-01 -7.373928987730187234e-01 -6.979649543180889149e-01
1.273754265322094560e+08 1.474218366729147967e+00 1.413755428790020696e+00 1.426138779268308676e+00 -7.306204889128361524e-01 -7.362601928851426614e-01 -6.901514894690022883e-01
1.276941952064518780e+08 1.461416643931023440e+00 1.394022976885953780e+00 1.408767233802634911e+00 -7.225978448806190668e-01 -7.312490439274831333e-01 -6.782319744531619676e-01
1.280129638806942999e+08 1.436084229826769310e+00 1.361476894238505375e+00 1.380988063062638771e+00 -7.071471369614956703e-01 -7.212245078205601345e-01 -6.608780671552688668e-01
1.283317325549367368e+08 1.405036390205996133e+00 1.323062818269788110e+00 1.345884840558244866e+00 -6.896203055016220107e-01 -7.076167024281052598e-01 -6.397298545179993523e-01
1.286505012291791588e+08 1.369275045973762372e+00 1.278651216089228049e+00 1.304201345887153973e+00 -6.700872834559566948e-01 -6.913625697862386676e-01 -6.145886093791066429e-01
1.289692699034215808e+08 1.323457621565942155e+00 1.224758107025787801e+00 1.254173709846372997e+00 -6.450301836528428145e-01 -6.706816398877998298e-01 -5.854576853840466333e-01
1.292880385776640028e+08 1.275892176538705236e+00 1.167568785440477708e+00 1.199602708759033742e+00 -6.197897603529379795e-01 -6.484933593987358691e-01 -5.532238227774106676e-01
1.296068072519064248e+08 1.224730953791887789e+00 1.105657469605662246e+00 1.140174784996681012e+00 -5.928873258747964226e-01 -6.244458380709191347e-01 -5.179241585785426816e-01
1.299255759261488616e+08 1.169420736458895993e+00 1.039862739297271021e+00 1.075749144613902031e+00 -5.645380201737765224e-01 -5.977764163675504117e-01 -4.801785512877799200e-01
1.302443446003912687e+08 1.115338442615765757e+00 9.733584226010206786e-01 1.009480055070775428e+00 -5.374243291718406867e-01 -5.711436983322769612e-01 -4.404983087223961480e-01
1.305631132746337056e+08 1.059721247217465523e+00 9.056850715444738631e-01 9.400792025586794942e-01 -5.105809146511807173e-01 -5.427666209467798542e-01 -3.993746063705725380e-01
1.308818819488761276e+08 1.005131565206351052e+00 8.394094662668144524e-01 8.691539018175524767e-01 -4.857581470572708282e-01 -5.134361673928852232e-01 -3.576342624905063938e-01
1.312006506231185496e+08 9.538355122837209876e-01 7.759456667459359025e-01 7.989885304577333258e-01 -4.636388898473841613e-01 -4.847164016394578945e-01 -3.160125400110799232e-01
1.315194192973609716e+08 9.030974615764748581e-01 7.163697451880856049e-01 7.275760692208897984e-01 -4.444010646577415957e-01 -4.537050601584322052e-01 -2.754005063825219479e-01
1.318381879716033936e+08 8.562087484343607890e-01 6.626333519595215549e-01 6.583745459249944476e-01 -4.289188328852149290e-01 -4.227930424749083427e-01 -2.368834816922047726e-01
1.321569566458458304e+08 8.129584478591330710e-01 6.153856226785845429e-01 5.925239211886459412e-01 -4.168336354960924806e-01 -3.921244945183575692e-01 -2.014649162857978237e-01
1.324757253200882375e+08 7.719401021824809916e-01 5.767390939322379895e-01 5.289473631870310610e-01 -4.090384058371416831e-01 -3.594020420312523667e-01 -1.703638428811453387e-01
1.327944939943306744e+08 7.349668728341838264e-01 5.465076504025070392e-01 4.715469017310269240e-01 -4.043796632520063605e-01 -3.275798721659526902e-01 -1.445440150206210306e-01
1.331132626685730964e+08 7.011010080502366737e-01 5.253655779619400557e-01 4.206706061620990034e-01 -4.025498584335733265e-01 -2.960301984023401833e-01 -1.249830409060631031e-01
1.334320313428155184e+08 6.706205175462203183e-01 5.143088518725523750e-01 3.773383001117262547e-01 -4.036726296226823552e-01 -2.649058412874793489e-01 -1.125513274858902790e-01
1.337508000170579404e+08 6.436741485891442904e-01 5.117455864785506181e-01 3.438343323345251501e-01 -4.058789635945204699e-01 -2.362263553022088403e-01 -1.075189037724847280e-01
1.340695686913003623e+08 6.205466553300632571e-01 5.183240571257851093e-01 3.206149090714274230e-01 -4.094086366109065400e-01 -2.100401300897147272e-01 -1.102921903797424441e-01
1.343883373655427992e+08 6.020765986159121175e-01 5.330288735310745318e-01 3.088946008914670305e-01 -4.135670245856304938e-01 -1.878861422937578851e-01 -1.205456673910272336e-01
1.347071060397852063e+08 5.881428262043247868e-01 5.541138134643041058e-01 3.094199410866047550e-01 -4.170522374016973344e-01 -1.709540535593017108e-01 -1.378310932392199928e-01
1.350258747140276432e+08 5.809304155979815310e-01 5.822553930182466919e-01 3.221529478763178744e-01 -4.213210063883532364e-01 -1.599847882502058727e-01 -1.613625543628093018e-01
1.353446433882700801e+08 5.804082230052824976e-01 6.152495427928602600e-01 3.470768499157777520e-01 -4.252735002793593955e-01 -1.560621584086817892e-01 -1.900299837006335368e-01
1.356634120625124872e+08 5.868773663896463821e-01 6.524363815955391832e-01 3.839132351998320591e-01 -4.288801821527597480e-01 -1.595323195119073001e-01 -2.231980534214341449e-01
1.359821807367549241e+08 6.034542577456591950e-01 6.942458965654120240e-01 4.309535902175880562e-01 -4.347772022913837797e-01 -1.709053771207419969e-01 -2.586392736070533549e-01
1.363009494109973311e+08 6.281925299671421437e-01 7.391033524239872810e-01 4.877945118700597327e-01 -4.414147350941001191e-01 -1.897969175499724104e-01 -2.963254380066401295e-01
1.366197180852397680e+08 6.621119429381543409e-01 7.875183677554148387e-01 5.530821489465904683e-01 -4.502388328504574044e-01 -2.158042011620367739e-01 -3.353007523268983769e-01
1.369384867594821751e+08 7.061357978855460349e-01 8.390650786078757140e-01 6.241826194381430160e-01 -4.628148797608476195e-01 -2.483128712305610608e-01 -3.735456561737348635e-01
1.372572554337246120e+08 7.578904671233356316e-01 8.939513885085567102e-01 7.012865020229942514e-01 -4.779597183829469853e-01 -2.861307554815673004e-01 -4.124476781555528881e-01
1.375760241079670191e+08 8.180094678408498243e-01 9.521948981752372809e-01 7.817686187163744860e-01 -4.973008989773582966e-01 -3.282842821687617652e-01 -4.503654724979237467e-01
1.378947927822094560e+08 8.848555978972947322e-01 1.013065361422582411e+00 8.641103212068839134e-01 -5.203987572867985190e-01 -3.735719013044125902e-01 -4.869969652985175479e-01
1.382135614564518929e+08 9.563328177439862632e-01 1.077651540366652450e+00 9.488837328126785708e-01 -5.464399175737351122e-01 -4.206894599541090018e-01 -5.242420089566711683e-01
1.385323301306942999e+08 1.032241965371303527e+00 1.143573585838979945e+00 1.032230641105995605e+00 -5.760479346770956965e-01 -4.688153669876597984e-01 -5.590797939239686709e-01
1.388510988049367368e+08 1.109738483301270007e+00 1.211142914944003168e+00 1.114968034346832226e+00 -6.075184642063243823e-01 -5.167623584137951420e-01 -5.935440152492125199e-01
1.391698674791791439e+08 1.187628635546566835e+00 1.281257655350579894e+00 1.197051850826918340e+00 -6.406938168002885847e-01 -5.634615671752952748e-01 -6.286915444012795007e-01
1.394886361534215808e+08 1.264373460645446423e+00 1.347617158854672814e+00 1.273856536383491056e+00 -6.739718887264736225e-01 -6.089393341326603259e-01 -6.598658119875060457e-01
1.398074048276640177e+08 1.338129276607377349e+00 1.414038009955337127e+00 1.348114235495559310e+00 -7.069264379709454538e-01 -6.517187362122485172e-01 -6.913230717290416161e-01
1.401261735019064248e+08 1.408164677019712707e+00 1.478453291739392661e+00 1.417887199693004252e+00 -7.391197269949759674e-01 -6.914684829289317047e-01 -7.214647864038884473e-01
1.404449421761488616e+08 1.471847338073884570e+00 1.535408902964019662e+00 1.480688272294856667e+00 -7.677660819714251517e-01 -7.282653463423359730e-01 -7.477140548283166543e-01
1.407637108503912687e+08 1.529566932663233070e+00 1.589464208692605185e+00 1.537915910689941157e+00 -7.946038389842462468e-01 -7.607394763675061622e-01 -7.728765998223847689e-01
1.410824795246337056e+08 1.579590546467712464e+00 1.635594874473471405e+00 1.587154306308789842e+00 -8.174925619667501309e-01 -7.892371125832343681e-01 -7.941611381919363444e-01
1.414012481988761425e+08 1.620157538188840451e+00 1.672262368466789439e+00 1.627727258013021538e+00 -8.351277206390502750e-01 -8.132420920341225656e-01 -8.114017448662632637e-01
1.417200168731185496e+08 1.653229661245804838e+00 1.703275740222465195e+00 1.659964589495643850e+00 -8.502248579468822953e-01 -8.320270015154952459e-01 -8.256606799692158827e-01
1.420387855473609567e+08 1.674799462410163642e+00 1.721091892256375600e+00 1.681723080307910623e+00 -8.581359424157014582e-01 -8.461277066266680302e-01 -8.342049868168034399e-01
1.423575542216033936e+08 1.686408071841573930e+00 1.729587228861641623e+00 1.693593935383317151e+00 -8.612729843356732307e-01 -8.547057350571297674e-01 -8.384654569289985426e-01
1.426763228958458304e+08 1.690325255932324522e+00 1.730543547878331978e+00 1.695566808217010335e+00 -8.616998355413234556e-01 -8.580176424929928380e-01 -8.381420988402021877e-01
1.429950915700882375e+08 1.679539946249029692e+00 1.715517694521869085e+00 1.686141603479238249e+00 -8.524829691958909494e-01 -8.558340087610430968e-01 -8.319228843274597551e-01
1.433138602443306744e+08 1.660861934787105643e+00 1.692896227221427408e+00 1.666880920825542622e+00 -8.404529433759394541e-01 -8.483044621462473289e-01 -8.212052528793215567e-01
1.436326289185730815e+08 1.633635224359857974e+00 1.660740587754992337e+00 1.637775273115329666e+00 -8.243611509307827712e-01 -8.360196955347797276e-01 -8.053453775900781819e-01
1.439513975928155184e+08 1.593484577720281736e+00 1.616096039350198854e+00 1.598656409899419817e+00 -8.006356143655926072e-01 -8.181132058202562618e-01 -7.850332965945989727e-01
1.442701662670579553e+08 1.547608809540206520e+00 1.564739086081151642e+00 1.551383019118514728e+00 -7.748761475128954634e-01 -7.963567607441983665e-01 -7.603125286409545547e-01
1.445889349413003623e+08 1.493062619562762983e+00 1.504136891291031786e+00 1.496226667720786496e+00 -7.442207898073885941e-01 -7.706330945837400748e-01 -7.315592546868460166e-01
1.449077036155427992e+08 1.430263606183304059e+00 1.435621836382329652e+00 1.434150572052161010e+00 -7.090660553090040175e-01 -7.410084708726514258e-01 -6.996664857107627311e-01
1.452264722897852063e+08 1.364598975697038696e+00 1.361907201214369367e+00 1.367247004484305251e+00 -6.724515436775118093e-01 -7.099436725181950125e-01 -6.642289634815075061e-01
1.455452409640276432e+08 1.292117755922447930e+00 1.281360328432507245e+00 1.295451370093595900e+00 -6.315954556390102059e-01 -6.762365621054222675e-01 -6.264063459286648428e-01
1.458640096382700801e+08 1.217532490151705282e+00 1.196971397149931393e+00 1.220674752570935162e+00 -5.894062347714413841e-01 -6.417899183286294162e-01 -5.861930968170047107e-01
1.461827783125124872e+08 1.143757442287363535e+00 1.109691086028236517e+00 1.144666741181890712e+00 -5.469471251896225183e-01 -6.085023977181520660e-01 -5.434339437046953325e-01
1.465015469867549241e+08 1.067378256958817495e+00 1.019652747422258532e+00 1.066203461010620135e+00 -5.031516359014884809e-01 -5.740215955107702550e-01 -4.992948183877700119e-01
1.468203156609973311e+08 9.948187891115312098e-01 9.296316244780652438e-01 9.881255944010499670e-01 -4.612068079945128574e-01 -5.416595297749976501e-01 -4.532958551761495092e-01
1.471390843352397680e+08 9.261859663029297085e-01 8.403553991325257710e-01 9.107864093692208396e-01 -4.213283241237347210e-01 -5.113131676586011309e-01 -4.059180450113717975e-01
1.474578530094822049e+08 8.609765436157035268e-01 7.539601772974350302e-01 8.330190559356482893e-01 -3.848872058817363051e-01 -4.811313212307795628e-01 -3.578741303736093782e-01
1.477766216837246120e+08 8.025393353754929349e-01 6.720199456928019899e-01 7.575628596906371914e-01 -3.529544221750621213e-01 -4.533953977241266808e-01 -3.096427521849148823e-01
1.480953903579670191e+08 7.499671306531293657e-01 5.961941647852841974e-01 6.837053629570333246e-01 -3.262340418129391906e-01 -4.264927610166632799e-01 -2.621522948430116129e-01
1.484141590322094560e+08 7.037233151944708442e-01 5.288015297757069355e-01 6.118218556197067004e-01 -3.059040229425808999e-01 -3.997076809924505203e-01 -2.165192337558509428e-01
1.487329277064518929e+08 6.642104705804269260e-01 4.705338650442703052e-01 5.442052175772613687e-01 -2.913365429683038577e-01 -3.740370058343457371e-01 -1.740684167753124012e-01
1.490516963806942999e+08 6.303013133386431432e-01 4.234265403661549576e-01 4.801939963259142519e-01 -2.833020014179457591e-01 -3.475772222248597054e-01 -1.360564258605758414e-01
1.493704650549367368e+08 6.020789547203456715e-01 3.881144134464336037e-01 4.220371079907497269e-01 -2.810148752703569563e-01 -3.211622963811544551e-01 -1.039185311447107102e-01
1.496892337291791439e+08 5.787923492758172417e-01 3.643569461108068785e-01 3.715068525107433905e-01 -2.830804657651184164e-01 -2.954004333089406131e-01 -7.883185089296113057e-02
1.500080024034215808e+08 5.599912293914696138e-01 3.534989873194067100e-01 3.287047931352178876e-01 -2.898981792608550934e-01 -2.694323100524156356e-01 -6.175460465813395472e-02
1.503267710776640177e+08 5.455665944638605769e-01 3.538438914270038427e-01 2.963026878697232469e-01 -2.992216207840280306e-01 -2.453521163384515813e-01 -5.327227640145311416e-02
1.506455397519064248e+08 5.352279218042336195e-01 3.647011605194548922e-01 2.752027027002058035e-01 -3.101146375882894435e-01 -2.237854270624897446e-01 -5.365618450125148736e-02
1.509643084261488616e+08 5.298474125084428055e-01 3.856075333514304426e-01 2.658467970551715576e-01 -3.225716033938784144e-01 -2.055941353934171711e-01 -6.247565191558325515e-02
1.512830771003912687e+08 5.293323653457816524e-01 4.144378845940750455e-01 2.693722150148724626e-01 -3.349181260813490768e-01 -1.923349400505091622e-01 -7.930813629460146952e-02
1.516018457746337056e+08 5.345912636738683332e-01 4.503878151755644765e-01 2.856019933549825973e-01 -3.473061649918826044e-01 -1.847526033258675426e-01 -1.032205140213176831e-01
1.519206144488761425e+08 5.467424199361536896e-01 4.919002810003377801e-01 3.137963638182671988e-01 -3.598972214546846682e-01 -1.837893550804893805e-01 -1.325197962007614860e-01
1.522393831231185496e+08 5.656768139279355623e-01 5.382393945883877651e-01 3.539122579755720199e-01 -3.722949586914710562e-01 -1.897235066437917284e-01 -1.668799586852814654e-01
1.525581517973609567e+08 5.927406266202972507e-01 5.882873511345584339e-01 4.039298152850329671e-01 -3.856365563038122168e-01 -2.027540138804083403e-01 -2.040690660936398393e-01
1.528769204716033936e+08 6.277565531778884766e-01 6.411877359931255072e-01 4.625450296171169651e-01 -4.000645941404141759e-01 -2.225565626357298432e-01 -2.430999027312391592e-01
1.531956891458458304e+08 6.702897542978429879e-01 6.976602980279790200e-01 5.294704774980577566e-01 -4.158709006686104326e-01 -2.484032306535600421e-01 -2.844072120384232294e-01
1.535144578200882375e+08 7.207839700381249992e-01 7.551608157369186225e-01 6.003398506560471137e-01 -4.342046733634745137e-01 -2.795867345595899334e-01 -3.243156255741404537e-01
1.538332264943306744e+08 7.775181153805647005e-01 8.149846379409187991e-01 6.757486332606157386e-01 -4.545601455634850074e-01 -3.149013041074306685e-01 -3.646214977915773758e-01
1.541519951685730815e+08 8.397847542395548981e-01 8.776479948659438035e-01 7.547035872755862851e-01 -4.773497767059675101e-01 -3.532329144025743717e-01 -4.054341322997200847e-01
1.544707638428155184e+08 9.060938059370868825e-01 9.387661773112309094e-01 8.321241439229636327e-01 -5.021883077763542591e-01 -3.934983454297087957e-01 -4.427444247596692972e-01
1.547895325170579553e+08 9.748659427774719610e-01 1.001881907735028054e+00 9.107307952986483102e-01 -5.287066237543071034e-01 -4.345010946026461873e-01 -4.804599527795545555e-01
1.551083011913003623e+08 1.044854068196047869e+00 1.064905982572420751e+00 9.878111130071729473e-01 -5.566020308656502991e-01 -4.753178086610411746e-01 -5.167825338456922823e-01
1.554270698655427992e+08 1.113522919049619198e+00 1.124259636328710066e+00 1.060582362433130310e+00 -5.842123476650501468e-01 -5.151166380886172957e-01 -5.497581373262399040e-01
1.557458385397852063e+08 1.180587667047753309e+00 1.183738863460988666e+00 1.131279037925016384e+00 -6.121900777468781696e-01 -5.529653391017315123e-01 -5.825393753511390882e-01
1.560646072140276432e+08 1.243670380302531520e+00 1.237883493206335173e+00 1.195941332570243709e+00 -6.385890891937320291e-01 -5.884798780650367656e-01 -6.115579339814474213e-01
1.563833758882700801e+08 1.301226565667375379e+00 1.286540090818424131e+00 1.254483096159669131e+00 -6.626083443088259806e-01 -6.209477124067022125e-01 -6.374356909782163960e-01
1.567021445625124872e+08 1.354177587083057688e+00 1.332756561389286665e+00 1.307912668721064486e+00 -6.857374375851247317e-01 -6.497911457071208208e-01 -6.617495501174276429e-01
1.570209132367549241e+08 1.398050147018833789e+00 1.367627728609853710e+00 1.351568065914763084e+00 -7.035918682723902862e-01 -6.750113701626959672e-01 -6.798635866482484191e-01
1.573396819109973311e+08 1.434547933313481183e+00 1.396618244474883364e+00 1.387766543165911193e+00 -7.186131120478256307e-01 -6.958442774844025847e-01 -6.948430796569791124e-01
1.576584505852397680e+08 1.464478121150288858e+00 1.420208261348272494e+00 1.416184863105921066e+00 -7.315989356464579485e-01 -7.122926797362166829e-01 -7.063695766923409058e-01
1.579772192594822049e+08 1.481686010088927530e+00 1.429258177382834338e+00 1.433010475083687618e+00 -7.367805768714479342e-01 -7.240886714406361557e-01 -7.109276399748665209e-01
1.582959879337246120e+08 1.491871165659688581e+00 1.432901602325923784e+00 1.441678319329097180e+00 -7.398721140963939735e-01 -7.311158980262751905e-01 -7.120526984590083153e-01
1.586147566079670191e+08 1.493357561217864005e+00 1.427669570576817870e+00 1.440859369987398164e+00 -7.389423196146539530e-01 -7.336651672318019735e-01 -7.081486674864552189e-01
1.589335252822094560e+08 1.482931526989710980e+00 1.410457626185087854e+00 1.429454107563483900e+00 -7.313714946847997833e-01 -7.311973172769081764e-01 -6.986662107561437685e-01
1.592522939564518929e+08 1.466596906564487712e+00 1.387669990212468951e+00 1.410137701529468268e+00 -7.220192251047604648e-01 -7.247499826853742722e-01 -6.852487551354311535e-01
1.595710626306942999e+08 1.440491828128861895e+00 1.354680667892197876e+00 1.381526233587434316e+00 -7.073143410425904998e-01 -7.140969368557236185e-01 -6.667585073198269985e-01
1.598898313049367368e+08 1.406040761963991859e+00 1.313585051006702420e+00 1.344632127724022297e+00 -6.885053854342910729e-01 -6.993796447500869595e-01 -6.440712578792007204e-01
1.602085999791791439e+08 1.367958607638697810e+00 1.267737492749430261e+00 1.301643886439982634e+00 -6.685138937206952514e-01 -6.823113298120616621e-01 -6.176803896066264121e-01
1.605273686534215808e+08 1.320722541659435034e+00 1.212927539531036381e+00 1.250778996974210910e+00 -6.433604416310817475e-01 -6.614222783760709268e-01 -5.872777832705216028e-01
1.608461373276640177e+08 1.270407641472869331e+00 1.154213398858051187e+00 1.194878474582345307e+00 -6.171679597898673819e-01 -6.385464532853655228e-01 -5.538925610571998615e-01
